0.435977 0.237178 -0.413474 0.422880 0.247468 -0.174862 0.449221 0.263967 -0.370797 0.504141 0.248211 -0.186705 0.482485 0.265192 -0.374508 0.565504 0.326857 -0.204118 0.465755 0.250226 -0.456058 0.486260 0.238892 -0.416148 0.452822 0.237371 -0.413788 0.478608 0.238196 -0.416157 0.494093 0.239893 -0.416079 0.443953 0.237135 -0.413684
0.435044 0.237362 -0.387695 0.422724 0.247469 -0.150183 0.449106 0.264334 -0.345312 0.504134 0.247983 -0.176761 0.482465 0.265400 -0.353236 0.565515 0.326869 -0.189112 0.465584 0.250356 -0.430715 0.486400 0.238924 -0.394020 0.452526 0.237415 -0.387882 0.478608 0.238247 -0.394043 0.494090 0.239898 -0.393954 0.443480 0.237220 -0.387814
0.434389 0.237419 -0.367560 0.422621 0.247460 -0.132544 0.449031 0.264526 -0.326121 0.504103 0.247761 -0.160190 0.482452 0.265496 -0.334099 0.565540 0.326886 -0.171233 0.465464 0.250388 -0.410435 0.486480 0.238928 -0.374080 0.452260 0.237420 -0.367720 0.478602 0.238256 -0.374110 0.494074 0.239896 -0.374007 0.443112 0.237237 -0.367662
0.434097 0.237480 -0.361292 0.422545 0.247457 -0.127888 0.448974 0.264666 -0.320026 0.504097 0.247706 -0.152095 0.482448 0.265582 -0.326964 0.565505 0.326897 -0.161983 0.465422 0.250417 -0.403724 0.486577 0.238974 -0.367061 0.452187 0.237433 -0.361444 0.478609 0.238303 -0.367092 0.494073 0.239920 -0.366985 0.442963 0.237262 -0.361392
0.433929 0.237591 -0.381325 0.422526 0.247458 -0.138148 0.448932 0.264777 -0.337919 0.504104 0.247705 -0.172558 0.482443 0.265683 -0.347919 0.565530 0.326863 -0.184225 0.465347 0.250499 -0.425576 0.486635 0.239162 -0.389424 0.452124 0.237507 -0.381475 0.478610 0.238488 -0.389454 0.494072 0.240058 -0.389370 0.442856 0.237342 -0.381414
0.433858 0.237705 -0.381099 0.422522 0.247457 -0.139581 0.448910 0.264895 -0.338080 0.504134 0.247706 -0.171543 0.482440 0.265789 -0.347293 0.565555 0.326815 -0.182692 0.465275 0.250608 -0.425085 0.486681 0.239377 -0.388628 0.452092 0.237613 -0.381264 0.478611 0.238704 -0.388656 0.494073 0.240222 -0.388573 0.442806 0.237446 -0.381202
0.433771 0.237708 -0.366342 0.422519 0.247372 -0.129221 0.448857 0.264908 -0.324183 0.504141 0.247675 -0.158644 0.482397 0.265809 -0.332613 0.565557 0.326793 -0.167544 0.465152 0.250612 -0.409472 0.486698 0.239406 -0.373387 0.452020 0.237615 -0.366500 0.478598 0.238731 -0.373415 0.494066 0.240242 -0.373325 0.442732 0.237449 -0.366443
0.433607 0.237712 -0.357066 0.422506 0.247328 -0.121567 0.448684 0.264910 -0.315068 0.504115 0.247643 -0.150064 0.482264 0.265814 -0.323218 0.565563 0.326753 -0.156459 0.464863 0.250614 -0.399826 0.486678 0.239426 -0.363905 0.451847 0.237617 -0.357218 0.478455 0.238750 -0.363933 0.494002 0.240254 -0.363845 0.442571 0.237452 -0.357163
0.433597 0.237715 -0.331159 0.422502 0.247276 -0.100381 0.448671 0.264908 -0.290071 0.504115 0.247619 -0.125477 0.482250 0.265817 -0.297177 0.565592 0.326577 -0.126886 0.464848 0.250614 -0.373214 0.486698 0.239444 -0.337385 0.451841 0.237619 -0.331282 0.478453 0.238766 -0.337407 0.494001 0.240269 -0.337325 0.442564 0.237453 -0.331235
0.433595 0.237717 -0.324225 0.422499 0.247231 -0.095779 0.448665 0.264910 -0.283566 0.504117 0.247601 -0.117922 0.482246 0.265830 -0.289840 0.565594 0.326506 -0.118859 0.464845 0.250616 -0.365805 0.486768 0.239458 -0.329857 0.451843 0.237620 -0.324347 0.478481 0.238776 -0.329882 0.494013 0.240283 -0.329792 0.442561 0.237454 -0.324301
0.433603 0.237716 -0.322530 0.422496 0.247186 -0.094389 0.448662 0.264912 -0.282154 0.504159 0.247592 -0.115825 0.482246 0.265839 -0.288258 0.565601 0.326493 -0.118079 0.464863 0.250616 -0.364184 0.486889 0.239471 -0.328006 0.451871 0.237619 -0.322659 0.478558 0.238785 -0.328030 0.494056 0.240297 -0.327941 0.442570 0.237449 -0.322609
0.433597 0.237718 -0.329268 0.422498 0.247133 -0.099215 0.448645 0.264913 -0.288403 0.504168 0.247590 -0.121599 0.482217 0.265846 -0.294817 0.565590 0.326481 -0.125083 0.464833 0.250623 -0.371166 0.486905 0.239507 -0.334925 0.451864 0.237621 -0.329410 0.478559 0.238815 -0.334949 0.494057 0.240330 -0.334861 0.442564 0.237451 -0.329357
0.433536 0.237742 -0.334170 0.422500 0.247129 -0.102700 0.448607 0.264943 -0.293019 0.504202 0.247595 -0.125787 0.482167 0.265880 -0.299670 0.565591 0.326503 -0.130127 0.464719 0.250671 -0.376283 0.486912 0.239612 -0.339927 0.451816 0.237669 -0.334320 0.478542 0.238924 -0.339950 0.494053 0.240414 -0.339864 0.442508 0.237486 -0.334263
0.433338 0.237748 -0.335967 0.422479 0.247126 -0.103485 0.448517 0.264953 -0.294781 0.504212 0.247595 -0.127621 0.482110 0.265888 -0.301703 0.565590 0.326535 -0.132093 0.464555 0.250675 -0.378363 0.486907 0.239629 -0.341908 0.451678 0.237675 -0.336114 0.478481 0.238942 -0.341929 0.494028 0.240427 -0.341847 0.442353 0.237493 -0.336060
0.433234 0.237759 -0.337730 0.422470 0.247123 -0.104886 0.448456 0.264955 -0.296474 0.504222 0.247593 -0.128964 0.482074 0.265891 -0.303389 0.565591 0.326535 -0.133850 0.464433 0.250680 -0.380149 0.486900 0.239651 -0.343648 0.451602 0.237687 -0.337880 0.478430 0.238966 -0.343669 0.494009 0.240443 -0.343587 0.442265 0.237505 -0.337825
0.433101 0.237770 -0.330486 0.422441 0.247120 -0.098684 0.448349 0.264972 -0.289640 0.504237 0.247592 -0.123192 0.482037 0.265904 -0.296677 0.565597 0.326534 -0.125994 0.464327 0.250691 -0.372920 0.486902 0.239671 -0.336595 0.451523 0.237699 -0.330616 0.478403 0.238987 -0.336617 0.494004 0.240459 -0.336532 0.442162 0.237517 -0.330570
0.433086 0.237827 -0.319992 0.422422 0.247137 -0.090729 0.448339 0.265022 -0.279697 0.504278 0.247607 -0.113556 0.482037 0.265938 -0.286230 0.565601 0.326531 -0.114207 0.464324 0.250724 -0.362036 0.486944 0.239745 -0.325834 0.451516 0.237752 -0.320114 0.478429 0.239059 -0.325858 0.494022 0.240522 -0.325768 0.442156 0.237573 -0.320072
0.432739 0.237882 -0.320967 0.422299 0.247160 -0.091210 0.448142 0.265054 -0.280618 0.504271 0.247604 -0.114205 0.481997 0.265946 -0.287211 0.565601 0.326531 -0.115104 0.464181 0.250743 -0.363112 0.486935 0.239750 -0.326840 0.451284 0.237773 -0.321097 0.478356 0.239066 -0.326865 0.494002 0.240528 -0.326773 0.441885 0.237616 -0.321051
0.432644 0.237938 -0.318651 0.422220 0.247199 -0.089112 0.448111 0.265083 -0.278569 0.504266 0.247604 -0.112081 0.481990 0.265955 -0.285149 0.565605 0.326531 -0.113433 0.464149 0.250759 -0.360904 0.486931 0.239774 -0.324565 0.451227 0.237808 -0.318782 0.478322 0.239095 -0.324591 0.493992 0.240546 -0.324496 0.441807 0.237664 -0.318735
0.432612 0.237951 -0.320168 0.422200 0.247202 -0.090333 0.448082 0.265088 -0.280027 0.504275 0.247617 -0.113316 0.481985 0.265963 -0.286610 0.565594 0.326541 -0.115087 0.464124 0.250767 -0.362502 0.486933 0.239815 -0.326067 0.451209 0.237823 -0.320302 0.478316 0.239132 -0.326092 0.493991 0.240589 -0.326000 0.441781 0.237678 -0.320253
0.432579 0.237956 -0.321442 0.422190 0.247184 -0.091390 0.448052 0.265092 -0.281247 0.504313 0.247617 -0.114289 0.481979 0.265969 -0.287813 0.565602 0.326534 -0.116616 0.464110 0.250770 -0.363785 0.486939 0.239820 -0.327278 0.451195 0.237827 -0.321577 0.478312 0.239137 -0.327302 0.493993 0.240595 -0.327212 0.441756 0.237683 -0.321528
0.432534 0.237961 -0.322190 0.422184 0.247168 -0.092001 0.448008 0.265092 -0.281944 0.504332 0.247614 -0.114584 0.481968 0.265974 -0.288358 0.565609 0.326531 -0.117227 0.464060 0.250772 -0.364531 0.486939 0.239827 -0.327903 0.451155 0.237831 -0.322328 0.478296 0.239145 -0.327926 0.493990 0.240601 -0.327839 0.441712 0.237686 -0.322278
0.432450 0.237966 -0.324284 0.422162 0.247169 -0.094184 0.447934 0.265090 -0.283955 0.504343 0.247617 -0.117186 0.481955 0.265978 -0.290520 0.565599 0.326529 -0.119211 0.464007 0.250772 -0.366526 0.486938 0.239834 -0.330102 0.451098 0.237834 -0.324415 0.478275 0.239150 -0.330130 0.493989 0.240610 -0.330033 0.441640 0.237690 -0.324370
0.432411 0.237987 -0.324627 0.422140 0.247191 -0.094396 0.447911 0.265099 -0.284281 0.504348 0.247636 -0.117726 0.481937 0.265990 -0.290977 0.565580 0.326532 -0.119815 0.463979 0.250787 -0.366910 0.486936 0.239871 -0.330557 0.451072 0.237853 -0.324757 0.478251 0.239184 -0.330585 0.493983 0.240647 -0.330489 0.441607 0.237711 -0.324712
0.432314 0.238117 -0.316534 0.422121 0.247263 -0.088055 0.447843 0.265137 -0.276670 0.504328 0.247678 -0.112850 0.481847 0.266023 -0.283774 0.565564 0.326528 -0.115075 0.463806 0.250869 -0.358670 0.486831 0.239989 -0.322864 0.450932 0.237986 -0.316652 0.478063 0.239309 -0.322892 0.493905 0.240755 -0.322793 0.441486 0.237855 -0.316610
0.432306 0.238235 -0.318417 0.422113 0.247352 -0.088927 0.447828 0.265188 -0.278812 0.504331 0.247735 -0.114215 0.481836 0.266064 -0.286038 0.565556 0.326529 -0.119732 0.463789 0.250952 -0.361128 0.486827 0.240089 -0.324882 0.450912 0.238105 -0.318539 0.478041 0.239417 -0.324905 0.493895 0.240843 -0.324814 0.441473 0.237983 -0.318494
0.432247 0.238282 -0.339231 0.422104 0.247405 -0.104223 0.447810 0.265203 -0.298634 0.504318 0.247759 -0.132449 0.481800 0.266077 -0.306717 0.565552 0.326524 -0.142717 0.463735 0.250979 -0.383010 0.486800 0.240106 -0.346234 0.450841 0.238137 -0.339387 0.477971 0.239437 -0.346247 0.493859 0.240860 -0.346177 0.441414 0.238027 -0.339323
0.432213 0.238297 -0.352397 0.422092 0.247447 -0.114926 0.447791 0.265220 -0.311442 0.504316 0.247781 -0.143606 0.481770 0.266090 -0.319656 0.565538 0.326531 -0.155921 0.463703 0.250990 -0.396619 0.486791 0.240112 -0.359442 0.450806 0.238143 -0.352569 0.477938 0.239444 -0.359455 0.493838 0.240866 -0.359389 0.441385 0.238038 -0.352497
0.432197 0.238304 -0.350070 0.422086 0.247449 -0.113528 0.447771 0.265225 -0.309071 0.504313 0.247791 -0.142228 0.481737 0.266094 -0.317262 0.565464 0.326533 -0.151604 0.463665 0.250996 -0.393922 0.486785 0.240119 -0.357129 0.450786 0.238149 -0.350232 0.477917 0.239451 -0.357143 0.493826 0.240872 -0.357071 0.441370 0.238044 -0.350168
0.432172 0.238309 -0.348023 0.422077 0.247453 -0.112253 0.447762 0.265232 -0.307138 0.504302 0.247794 -0.140303 0.481713 0.266101 -0.315136 0.565431 0.326524 -0.148611 0.463626 0.251010 -0.391708 0.486767 0.240124 -0.354945 0.450752 0.238153 -0.348178 0.477879 0.239457 -0.354960 0.493806 0.240877 -0.354885 0.441343 0.238048 -0.348118
0.432160 0.238352 -0.355864 0.422049 0.247515 -0.119146 0.447748 0.265318 -0.314436 0.504297 0.247798 -0.145718 0.481704 0.266157 -0.322013 0.565394 0.326523 -0.155346 0.463609 0.251069 -0.399426 0.486770 0.240131 -0.362355 0.450736 0.238177 -0.356041 0.477869 0.239463 -0.362370 0.493801 0.240884 -0.362306 0.441328 0.238086 -0.355969
0.432146 0.238427 -0.361047 0.422036 0.247561 -0.124473 0.447747 0.265496 -0.319246 0.504282 0.247800 -0.150161 0.481699 0.266253 -0.326602 0.565387 0.326512 -0.160876 0.463630 0.251182 -0.404316 0.486795 0.240156 -0.367298 0.450730 0.238246 -0.361228 0.477877 0.239497 -0.367311 0.493798 0.240900 -0.367253 0.441314 0.238166 -0.361153
0.432138 0.238466 -0.358668 0.421998 0.247602 -0.123124 0.447736 0.265619 -0.317028 0.504243 0.247800 -0.147915 0.481696 0.266308 -0.324067 0.565379 0.326511 -0.157777 0.463653 0.251228 -0.401752 0.486807 0.240163 -0.364678 0.450719 0.238263 -0.358844 0.477876 0.239505 -0.364691 0.493794 0.240905 -0.364631 0.441303 0.238198 -0.358771
0.432126 0.238481 -0.378233 0.421966 0.247619 -0.138703 0.447727 0.265634 -0.335619 0.504165 0.247790 -0.164553 0.481705 0.266315 -0.343035 0.565375 0.326506 -0.178037 0.463710 0.251234 -0.421919 0.486824 0.240156 -0.384381 0.450716 0.238269 -0.378444 0.477887 0.239504 -0.384388 0.493790 0.240895 -0.384342 0.441291 0.238205 -0.378352
0.432114 0.238517 -0.398735 0.421913 0.247664 -0.154923 0.447720 0.265640 -0.355222 0.504058 0.247791 -0.182992 0.481714 0.266322 -0.363383 0.565377 0.326501 -0.198485 0.463722 0.251241 -0.443081 0.486823 0.240159 -0.405263 0.450709 0.238281 -0.398972 0.477883 0.239509 -0.405276 0.493776 0.240897 -0.405225 0.441280 0.238232 -0.398871
0.432147 0.238521 -0.407402 0.421901 0.247669 -0.162160 0.447760 0.265606 -0.364072 0.504055 0.247775 -0.188841 0.481809 0.266292 -0.371811 0.565375 0.326485 -0.204472 0.463862 0.251193 -0.452236 0.486891 0.240109 -0.413531 0.450787 0.238258 -0.407661 0.477975 0.239457 -0.413547 0.493796 0.240855 -0.413497 0.441318 0.238222 -0.407549
0.432146 0.238527 -0.413783 0.421868 0.247673 -0.168960 0.447780 0.265572 -0.369755 0.504052 0.247722 -0.191247 0.481925 0.266254 -0.376233 0.565361 0.326459 -0.206204 0.463953 0.251143 -0.457942 0.486953 0.240046 -0.418977 0.450821 0.238240 -0.414045 0.478046 0.239398 -0.419001 0.493822 0.240797 -0.418942 0.441325 0.238219 -0.413938
0.432157 0.238527 -0.407060 0.421836 0.247648 -0.166278 0.447796 0.265519 -0.363273 0.504052 0.247618 -0.186400 0.482031 0.266213 -0.369232 0.565282 0.326440 -0.199602 0.464065 0.251085 -0.450175 0.487028 0.239972 -0.411945 0.450880 0.238211 -0.407303 0.478143 0.239330 -0.411971 0.493847 0.240724 -0.411903 0.441350 0.238206 -0.407204
0.432153 0.238486 -0.408309 0.421815 0.247525 -0.166980 0.447813 0.265372 -0.364343 0.504050 0.247425 -0.190495 0.482087 0.266072 -0.371242 0.565270 0.326411 -0.205699 0.464092 0.250928 -0.451435 0.487042 0.239804 -0.413952 0.450879 0.238119 -0.408543 0.478153 0.239173 -0.413979 0.493847 0.240559 -0.413902 0.441347 0.238137 -0.408448
0.432152 0.238479 -0.404014 0.421795 0.247510 -0.162931 0.447843 0.265239 -0.360461 0.504084 0.247314 -0.187063 0.482129 0.265954 -0.367758 0.565295 0.326353 -0.204650 0.464119 0.250813 -0.447676 0.487070 0.239659 -0.409980 0.450887 0.238066 -0.404242 0.478176 0.239044 -0.410003 0.493856 0.240411 -0.409933 0.441348 0.238108 -0.404149
0.432116 0.238384 -0.401053 0.421786 0.247388 -0.160634 0.447825 0.265119 -0.357727 0.504124 0.247077 -0.185256 0.482132 0.265864 -0.364831 0.565577 0.326303 -0.201138 0.464086 0.250688 -0.444618 0.487074 0.239377 -0.406925 0.450842 0.237902 -0.401277 0.478162 0.238783 -0.406948 0.493855 0.240134 -0.406878 0.441319 0.237976 -0.401185
0.431999 0.238365 -0.417883 0.421700 0.247369 -0.171051 0.447676 0.265099 -0.372399 0.504108 0.247024 -0.202898 0.482113 0.265864 -0.381685 0.565919 0.326101 -0.219176 0.463959 0.250677 -0.461883 0.487069 0.239355 -0.425012 0.450685 0.237869 -0.418156 0.478098 0.238759 -0.425031 0.493851 0.240111 -0.424980 0.441198 0.237948 -0.418035
0.430941 0.238423 -0.393389 0.421315 0.247539 -0.155041 0.446370 0.265165 -0.349993 0.503957 0.247113 -0.187668 0.481690 0.265992 -0.359435 0.565932 0.326178 -0.189152 0.462670 0.250749 -0.435846 0.486655 0.239407 -0.400682 0.449565 0.237906 -0.393619 0.477321 0.238806 -0.400726 0.493614 0.240153 -0.400615 0.440216 0.238007 -0.393514
0.430919 0.239085 -0.404462 0.421263 0.248510 -0.159584 0.446313 0.265616 -0.360695 0.504007 0.247691 -0.195011 0.481690 0.266508 -0.371163 0.566047 0.326776 -0.205019 0.462574 0.251277 -0.448961 0.486616 0.239882 -0.412512 0.449524 0.238515 -0.404724 0.477237 0.239286 -0.412547 0.493591 0.240583 -0.412464 0.440177 0.238684 -0.404605
0.430920 0.241219 -0.417672 0.421199 0.250546 -0.168031 0.446275 0.267331 -0.374293 0.504164 0.249484 -0.195040 0.481698 0.268118 -0.381615 0.566257 0.328605 -0.205148 0.462524 0.253036 -0.463798 0.486633 0.241590 -0.423389 0.449535 0.240641 -0.417962 0.477245 0.241060 -0.423422 0.493606 0.242206 -0.423352 0.440177 0.240867 -0.417828
0.430840 0.245857 -0.428394 0.421159 0.254649 -0.171754 0.446261 0.270412 -0.385339 0.504187 0.253496 -0.197900 0.481704 0.271098 -0.392800 0.566329 0.332384 -0.216281 0.462320 0.256635 -0.477002 0.486506 0.245125 -0.434081 0.449471 0.244482 -0.428714 0.477134 0.244560 -0.434103 0.493592 0.245816 -0.434069 0.440063 0.245120 -0.428575
0.430697 0.250934 -0.431837 0.420960 0.260019 -0.170486 0.446211 0.275262 -0.391991 0.504180 0.259091 -0.196454 0.481703 0.276262 -0.399433 0.566331 0.339056 -0.220908 0.462095 0.261539 -0.485081 0.486174 0.250381 -0.437229 0.449240 0.249510 -0.432150 0.476869 0.249651 -0.437271 0.493465 0.251131 -0.437181 0.439709 0.250205 -0.432034
0.430701 0.255587 -0.428710 0.420949 0.264790 -0.168232 0.446314 0.279813 -0.386541 0.504126 0.263106 -0.184688 0.481815 0.280792 -0.395295 0.566089 0.343235 -0.213726 0.462207 0.266245 -0.478067 0.486173 0.254836 -0.436912 0.449265 0.254191 -0.428988 0.476923 0.254162 -0.436912 0.493463 0.255485 -0.436878 0.439700 0.254851 -0.428871
0.430503 0.258866 -0.413198 0.420880 0.268094 -0.158279 0.446304 0.282669 -0.375460 0.504031 0.265852 -0.168969 0.481817 0.283596 -0.379940 0.566091 0.345613 -0.189340 0.462124 0.268779 -0.464877 0.486029 0.257548 -0.417158 0.449081 0.256968 -0.413489 0.476841 0.256840 -0.417208 0.493412 0.258236 -0.417093 0.439345 0.257928 -0.413392
0.430384 0.262491 -0.411413 0.420870 0.271552 -0.154488 0.446236 0.286417 -0.374943 0.504057 0.269442 -0.165814 0.481815 0.287234 -0.378432 0.565963 0.349163 -0.189189 0.461959 0.272367 -0.464584 0.485998 0.260838 -0.414507 0.448981 0.260493 -0.411701 0.476829 0.260222 -0.414563 0.493410 0.261499 -0.414442 0.439126 0.261528 -0.411620
0.430420 0.265926 -0.410489 0.420907 0.274771 -0.152659 0.446252 0.290370 -0.374800 0.504124 0.273517 -0.162155 0.481865 0.291281 -0.377200 0.565956 0.352842 -0.189019 0.461964 0.276475 -0.464009 0.486029 0.264674 -0.412649 0.449052 0.264090 -0.410760 0.476930 0.264069 -0.412697 0.493479 0.265356 -0.412600 0.439154 0.264999 -0.410694
0.430520 0.269588 -0.412635 0.421071 0.278277 -0.153859 0.446261 0.294383 -0.376287 0.504182 0.278010 -0.163430 0.481920 0.295516 -0.378197 0.565348 0.356744 -0.189602 0.462015 0.280823 -0.466237 0.486151 0.269019 -0.413901 0.449205 0.268013 -0.412891 0.477154 0.268352 -0.413947 0.493650 0.269704 -0.413860 0.439249 0.268758 -0.412831
0.430636 0.273644 -0.397620 0.421160 0.282407 -0.145412 0.446245 0.298754 -0.362471 0.504280 0.282119 -0.147907 0.481962 0.299866 -0.362635 0.564838 0.359637 -0.170231 0.462076 0.285133 -0.450519 0.486236 0.273406 -0.397607 0.449363 0.272180 -0.397837 0.477323 0.272714 -0.397646 0.493767 0.274038 -0.397580 0.439377 0.272829 -0.397796
0.430570 0.278161 -0.398592 0.421134 0.287130 -0.145537 0.446178 0.304012 -0.362780 0.504321 0.286696 -0.150160 0.481990 0.304873 -0.363670 0.564591 0.362671 -0.173865 0.462082 0.289996 -0.450887 0.486239 0.278005 -0.399233 0.449346 0.276901 -0.398816 0.477330 0.277333 -0.399274 0.493786 0.278564 -0.399205 0.439285 0.277459 -0.398768
0.430540 0.282566 -0.398777 0.421129 0.291672 -0.144316 0.446183 0.308992 -0.362669 0.504344 0.290985 -0.150433 0.482101 0.309624 -0.364052 0.564551 0.366382 -0.176133 0.462097 0.294797 -0.451233 0.486240 0.282310 -0.399650 0.449315 0.281486 -0.398991 0.477333 0.281712 -0.399688 0.493812 0.282772 -0.399630 0.439215 0.281966 -0.398946
0.430523 0.286650 -0.408254 0.421169 0.295732 -0.152098 0.446193 0.313541 -0.371925 0.504352 0.294817 -0.153159 0.482193 0.314062 -0.372673 0.564431 0.369918 -0.185735 0.462096 0.299211 -0.461489 0.486231 0.286505 -0.408034 0.449272 0.285853 -0.408457 0.477324 0.285993 -0.408069 0.493811 0.286840 -0.408060 0.439167 0.286191 -0.408411
0.430494 0.291110 -0.411254 0.421207 0.300124 -0.155801 0.446238 0.317702 -0.374693 0.504335 0.298450 -0.154327 0.482239 0.317901 -0.375297 0.564297 0.373231 -0.190048 0.462091 0.303312 -0.464222 0.486155 0.290545 -0.410625 0.449201 0.290364 -0.411452 0.477269 0.290147 -0.410657 0.493742 0.290805 -0.410664 0.439091 0.290686 -0.411404
0.430153 0.294983 -0.414894 0.421082 0.303930 -0.155896 0.446151 0.321431 -0.376870 0.504336 0.302366 -0.156401 0.482217 0.321724 -0.378567 0.564289 0.375674 -0.193761 0.461806 0.306963 -0.468258 0.485969 0.294290 -0.414879 0.448690 0.294161 -0.415100 0.477033 0.293896 -0.414916 0.493650 0.294618 -0.414930 0.438496 0.294512 -0.415053
0.430163 0.299871 -0.421469 0.421150 0.308470 -0.159435 0.446197 0.326370 -0.383766 0.504329 0.306892 -0.158298 0.482216 0.326604 -0.384688 0.564164 0.379593 -0.198795 0.461820 0.312371 -0.475653 0.485968 0.299622 -0.420766 0.448698 0.299606 -0.421675 0.477049 0.299397 -0.420795 0.493637 0.299810 -0.420829 0.438516 0.299707 -0.421633
0.430426 0.304324 -0.424397 0.421371 0.313061 -0.165399 0.446523 0.330818 -0.387057 0.504326 0.311567 -0.159203 0.482285 0.331216 -0.386634 0.564164 0.383111 -0.198442 0.461993 0.316932 -0.477858 0.485993 0.304309 -0.422687 0.448928 0.304132 -0.424592 0.477157 0.304069 -0.422717 0.493645 0.304554 -0.422743 0.438870 0.304217 -0.424556
0.430570 0.309068 -0.424927 0.421383 0.317671 -0.166200 0.446650 0.335505 -0.386594 0.504336 0.316206 -0.162087 0.482328 0.336154 -0.386722 0.564358 0.386131 -0.196272 0.462111 0.321638 -0.477672 0.486003 0.309056 -0.423495 0.449096 0.308860 -0.425117 0.477219 0.308849 -0.423525 0.493648 0.309421 -0.423554 0.439085 0.308964 -0.425079
0.430465 0.313343 -0.423528 0.421335 0.321926 -0.158572 0.446364 0.339812 -0.384329 0.504356 0.320971 -0.161703 0.482281 0.340753 -0.385972 0.564624 0.390062 -0.190047 0.461956 0.325998 -0.477414 0.485967 0.313706 -0.422899 0.449017 0.313334 -0.423712 0.477187 0.313523 -0.422936 0.493561 0.314150 -0.422963 0.438974 0.313306 -0.423681
0.430451 0.317104 -0.422424 0.421342 0.325632 -0.153835 0.446234 0.343652 -0.383050 0.504347 0.325202 -0.161077 0.482254 0.344877 -0.385662 0.564712 0.393982 -0.189549 0.461842 0.330164 -0.476927 0.485934 0.317656 -0.422378 0.448986 0.317142 -0.422617 0.477167 0.317401 -0.422418 0.493508 0.318263 -0.422446 0.438939 0.317077 -0.422587
0.430379 0.321594 -0.404871 0.421138 0.330063 -0.139067 0.445916 0.348371 -0.365766 0.504341 0.329901 -0.143814 0.482196 0.349680 -0.367558 0.564668 0.398106 -0.160134 0.461824 0.334888 -0.459484 0.485937 0.322112 -0.404465 0.448976 0.321504 -0.405044 0.477176 0.321779 -0.404514 0.493488 0.322847 -0.404526 0.438894 0.321530 -0.405030
0.430193 0.327692 -0.405841 0.421021 0.335788 -0.140977 0.445674 0.353913 -0.366786 0.504353 0.334473 -0.145671 0.482187 0.354971 -0.368697 0.564923 0.402123 -0.165846 0.461793 0.340365 -0.460178 0.485913 0.327177 -0.405465 0.448850 0.326895 -0.406021 0.477151 0.326975 -0.405508 0.493390 0.327807 -0.405521 0.438730 0.327267 -0.406000
0.430191 0.332881 -0.406505 0.421015 0.340677 -0.142123 0.445682 0.358762 -0.367303 0.504351 0.338786 -0.146942 0.482193 0.359531 -0.369517 0.565171 0.405490 -0.166646 0.461805 0.345339 -0.460554 0.485904 0.332156 -0.406305 0.448848 0.331778 -0.406689 0.477149 0.331996 -0.406349 0.493322 0.332651 -0.406354 0.438729 0.332260 -0.406664
0.430029 0.338270 -0.405305 0.420753 0.345316 -0.142537 0.445568 0.365034 -0.364882 0.504353 0.343755 -0.148540 0.482157 0.365370 -0.368021 0.565170 0.410362 -0.164831 0.461727 0.350972 -0.458121 0.485890 0.337549 -0.405767 0.448642 0.337157 -0.405459 0.477118 0.337327 -0.405810 0.493297 0.337976 -0.405823 0.438462 0.337733 -0.405436
0.429872 0.343242 -0.415769 0.420566 0.349964 -0.153616 0.445387 0.370721 -0.373286 0.504360 0.349002 -0.170207 0.482129 0.371264 -0.378666 0.565261 0.414794 -0.177290 0.461537 0.356806 -0.467386 0.485861 0.343495 -0.418002 0.448381 0.342617 -0.415907 0.477071 0.343139 -0.418040 0.493266 0.343827 -0.418079 0.438185 0.342886 -0.415877
0.429757 0.349274 -0.404733 0.420245 0.355834 -0.146893 0.445301 0.377027 -0.360880 0.504229 0.354799 -0.162367 0.482068 0.377825 -0.365469 0.564926 0.419357 -0.165201 0.461491 0.363120 -0.454114 0.485852 0.349872 -0.406530 0.448262 0.349142 -0.404838 0.477054 0.349554 -0.406563 0.493201 0.350140 -0.406627 0.438036 0.349057 -0.404814
0.429746 0.354578 -0.402482 0.420037 0.360886 -0.147881 0.445297 0.382432 -0.358940 0.504234 0.359666 -0.158602 0.482066 0.383120 -0.361015 0.564714 0.423660 -0.156827 0.461596 0.368337 -0.450089 0.485997 0.355099 -0.402588 0.448300 0.354520 -0.402605 0.477284 0.354787 -0.402616 0.493284 0.355306 -0.402691 0.438034 0.354430 -0.402572
0.429566 0.358955 -0.422662 0.419765 0.365461 -0.168406 0.445288 0.386591 -0.376988 0.504240 0.363437 -0.187730 0.482036 0.386766 -0.382555 0.564763 0.426935 -0.182653 0.461524 0.372365 -0.469730 0.485993 0.358841 -0.425289 0.448044 0.358741 -0.422793 0.477256 0.358598 -0.425305 0.493282 0.358993 -0.425409 0.437738 0.358707 -0.422743
0.429021 0.364160 -0.421140 0.419236 0.370218 -0.166421 0.444922 0.391554 -0.376439 0.504102 0.368582 -0.183486 0.481493 0.392211 -0.381578 0.564634 0.431975 -0.183136 0.460959 0.377546 -0.469052 0.485754 0.364189 -0.423571 0.447167 0.364076 -0.421277 0.476760 0.363991 -0.423593 0.492990 0.364396 -0.423677 0.437017 0.363963 -0.421231
0.428638 0.369119 -0.421946 0.418869 0.375098 -0.166634 0.444751 0.396173 -0.377170 0.503733 0.372856 -0.184757 0.481284 0.396707 -0.382667 0.564555 0.436595 -0.185305 0.460748 0.382239 -0.470067 0.485567 0.368760 -0.424484 0.446707 0.368864 -0.422077 0.476488 0.368617 -0.424510 0.492667 0.368916 -0.424587 0.436577 0.368828 -0.422034
0.428457 0.373877 -0.423073 0.418428 0.379665 -0.170284 0.444666 0.400816 -0.379101 0.503478 0.377953 -0.183964 0.481191 0.401706 -0.383538 0.564018 0.441901 -0.184631 0.460746 0.387226 -0.471132 0.485544 0.373741 -0.424875 0.446656 0.373640 -0.423193 0.476480 0.373576 -0.424897 0.492543 0.373919 -0.424984 0.436490 0.373624 -0.423154
0.428221 0.378325 -0.421659 0.417823 0.384404 -0.168767 0.444359 0.405484 -0.378278 0.503399 0.382643 -0.183678 0.481044 0.406224 -0.381931 0.563588 0.446773 -0.180087 0.460697 0.391662 -0.469158 0.485514 0.378210 -0.422896 0.446527 0.377998 -0.421776 0.476461 0.377951 -0.422915 0.492490 0.378408 -0.423004 0.436309 0.378008 -0.421739
0.428157 0.382999 -0.416803 0.417639 0.388945 -0.168085 0.444240 0.410022 -0.373549 0.503396 0.387287 -0.182459 0.480944 0.410791 -0.377911 0.563574 0.450559 -0.173528 0.460683 0.396466 -0.463645 0.485509 0.383041 -0.418744 0.446519 0.382803 -0.416886 0.476462 0.382797 -0.418750 0.492479 0.383151 -0.418865 0.436272 0.382746 -0.416858
0.428139 0.387480 -0.407265 0.417510 0.393478 -0.161656 0.444168 0.414631 -0.364547 0.503526 0.392473 -0.176190 0.480939 0.415656 -0.368791 0.563530 0.455136 -0.163395 0.460710 0.401216 -0.453873 0.485552 0.387895 -0.409135 0.446540 0.387388 -0.407313 0.476592 0.387590 -0.409143 0.492547 0.388099 -0.409266 0.436267 0.387279 -0.407299
0.428148 0.392085 -0.402970 0.417477 0.398249 -0.157011 0.444159 0.419483 -0.361187 0.503671 0.397362 -0.165993 0.480939 0.420471 -0.364143 0.563205 0.460106 -0.156098 0.460831 0.405908 -0.450460 0.485643 0.392492 -0.403870 0.446722 0.391922 -0.403030 0.476832 0.392172 -0.403880 0.492697 0.392761 -0.403999 0.436331 0.391854 -0.403020
0.428117 0.396676 -0.400957 0.417329 0.402928 -0.153016 0.444152 0.423796 -0.359343 0.503701 0.401554 -0.162448 0.480935 0.424590 -0.362393 0.563174 0.464116 -0.153623 0.460866 0.410299 -0.449237 0.485642 0.396980 -0.402014 0.446720 0.396484 -0.401006 0.476847 0.396683 -0.402014 0.492702 0.397163 -0.402153 0.436304 0.396391 -0.401003
0.428110 0.401055 -0.393280 0.417313 0.407239 -0.146014 0.444181 0.428202 -0.353283 0.503770 0.405920 -0.153761 0.480958 0.428907 -0.355910 0.563170 0.468946 -0.146680 0.460932 0.414664 -0.442393 0.485655 0.401369 -0.394060 0.446729 0.400915 -0.393349 0.476893 0.401100 -0.394052 0.492748 0.401515 -0.394190 0.436301 0.400791 -0.393342
0.428057 0.405708 -0.392269 0.417048 0.412066 -0.151184 0.444176 0.432912 -0.352682 0.503786 0.410248 -0.157933 0.480989 0.433418 -0.355420 0.563423 0.472996 -0.149820 0.460962 0.419199 -0.438544 0.485658 0.405603 -0.393019 0.446717 0.405369 -0.392321 0.476904 0.405341 -0.393011 0.492789 0.405705 -0.393147 0.436249 0.405361 -0.392310
0.427597 0.410164 -0.393619 0.416583 0.416209 -0.154093 0.443615 0.437031 -0.353666 0.503765 0.414518 -0.162812 0.480871 0.437737 -0.356651 0.563482 0.476933 -0.151379 0.460623 0.423481 -0.439878 0.485534 0.410060 -0.394559 0.446039 0.409887 -0.393683 0.476723 0.409823 -0.394555 0.492710 0.410142 -0.394683 0.435654 0.409838 -0.393667
0.427489 0.414324 -0.394478 0.416441 0.419958 -0.163048 0.443501 0.441667 -0.354351 0.503777 0.418857 -0.170939 0.480826 0.442456 -0.357390 0.563527 0.480893 -0.154871 0.460610 0.428136 -0.439636 0.485536 0.414414 -0.395418 0.445980 0.414225 -0.394547 0.476735 0.414216 -0.395417 0.492731 0.414500 -0.395545 0.435546 0.414093 -0.394527
0.427393 0.418503 -0.387142 0.416321 0.424003 -0.162836 0.443498 0.446186 -0.346888 0.503824 0.422961 -0.168646 0.480823 0.446973 -0.349075 0.563705 0.483947 -0.149386 0.460621 0.432497 -0.429473 0.485547 0.418521 -0.387508 0.445937 0.418374 -0.387199 0.476774 0.418334 -0.387500 0.492773 0.418639 -0.387645 0.435463 0.418271 -0.387174
0.427063 0.422493 -0.386518 0.416050 0.428008 -0.162689 0.443433 0.450341 -0.345210 0.503871 0.426676 -0.167735 0.480756 0.450851 -0.347292 0.563751 0.487476 -0.145771 0.460570 0.436689 -0.428356 0.485524 0.422175 -0.386761 0.445571 0.422285 -0.386578 0.476759 0.422030 -0.386760 0.492764 0.422297 -0.386898 0.435081 0.422230 -0.386556
0.426677 0.426153 -0.387527 0.415677 0.431728 -0.162343 0.443103 0.454222 -0.346333 0.503865 0.430009 -0.167730 0.480492 0.454574 -0.348590 0.563752 0.491190 -0.147085 0.460377 0.440387 -0.430061 0.485416 0.425737 -0.387837 0.445144 0.425949 -0.387594 0.476650 0.425638 -0.387841 0.492643 0.425797 -0.387969 0.434639 0.425898 -0.387572
0.426350 0.429675 -0.388266 0.415396 0.435309 -0.163976 0.442802 0.457801 -0.347134 0.503896 0.433496 -0.169568 0.480387 0.458186 -0.349526 0.563969 0.494490 -0.147962 0.460247 0.444006 -0.431250 0.485377 0.429112 -0.388682 0.444822 0.429390 -0.388337 0.476622 0.429027 -0.388687 0.492628 0.429125 -0.388811 0.434287 0.429384 -0.388313
0.426061 0.433134 -0.386053 0.415212 0.438701 -0.163770 0.442631 0.461256 -0.345873 0.503916 0.436856 -0.169276 0.480324 0.461575 -0.347775 0.564876 0.497853 -0.147791 0.460148 0.447493 -0.427902 0.485344 0.432531 -0.386133 0.444540 0.432839 -0.386100 0.476591 0.432464 -0.386131 0.492617 0.432527 -0.386262 0.433973 0.432838 -0.386091
0.425665 0.436650 -0.386654 0.414870 0.442155 -0.167376 0.442266 0.464584 -0.346402 0.503860 0.440342 -0.173567 0.480140 0.465197 -0.348416 0.565314 0.501061 -0.149740 0.459801 0.450993 -0.428283 0.485152 0.436203 -0.386851 0.444006 0.436415 -0.386699 0.476331 0.436140 -0.386849 0.492425 0.436218 -0.386980 0.433477 0.436381 -0.386690
0.425234 0.439917 -0.386100 0.414531 0.445222 -0.169134 0.441859 0.467380 -0.346045 0.503682 0.442768 -0.175790 0.480005 0.468061 -0.348246 0.566165 0.503069 -0.153039 0.459473 0.453881 -0.426324 0.484918 0.439231 -0.386414 0.443385 0.439707 -0.386142 0.476032 0.439274 -0.386409 0.492173 0.439087 -0.386545 0.432921 0.439681 -0.386128
0.424673 0.442959 -0.383626 0.414028 0.448300 -0.168665 0.441210 0.470077 -0.343960 0.503319 0.445234 -0.178010 0.479665 0.470762 -0.347327 0.566678 0.505381 -0.157967 0.458634 0.456598 -0.423091 0.484345 0.442008 -0.384794 0.442369 0.442732 -0.383665 0.475252 0.442141 -0.384791 0.491552 0.441798 -0.384924 0.432180 0.442747 -0.383647
0.424007 0.445764 -0.382041 0.413307 0.450838 -0.168340 0.440498 0.472544 -0.343214 0.502989 0.447781 -0.178383 0.479163 0.473280 -0.346960 0.566743 0.508087 -0.159523 0.457679 0.459255 -0.421783 0.483773 0.444723 -0.383662 0.441315 0.445542 -0.382057 0.474464 0.444894 -0.383648 0.490866 0.444508 -0.383801 0.431315 0.445601 -0.382048
0.423560 0.446259 -0.372084 0.413220 0.451610 -0.161143 0.439751 0.473085 -0.333979 0.502608 0.448630 -0.175198 0.478598 0.473575 -0.338612 0.567075 0.509347 -0.155418 0.456564 0.460108 -0.411653 0.482988 0.445351 -0.374498 0.440207 0.446168 -0.372065 0.473478 0.445637 -0.374472 0.490154 0.445123 -0.374636 0.430702 0.446130 -0.372070
0.423471 0.447547 -0.373292 0.413190 0.453182 -0.161274 0.439538 0.474205 -0.334154 0.502231 0.450161 -0.174981 0.478415 0.474351 -0.338932 0.567307 0.511084 -0.157005 0.456307 0.461115 -0.413045 0.482475 0.446321 -0.375658 0.440010 0.447339 -0.373280 0.473013 0.446643 -0.375636 0.489664 0.446133 -0.375794 0.430607 0.447347 -0.373278
0.423344 0.448200 -0.370355 0.413173 0.454482 -0.158919 0.439454 0.475028 -0.333615 0.502010 0.451040 -0.167160 0.478319 0.474648 -0.336858 0.567406 0.512769 -0.152994 0.456154 0.461606 -0.411340 0.482112 0.446527 -0.371641 0.439757 0.447737 -0.370351 0.472575 0.446873 -0.371611 0.489345 0.446421 -0.371764 0.430473 0.447920 -0.370357
0.423375 0.449509 -0.304689 0.413326 0.455881 -0.108461 0.439514 0.476206 -0.273744 0.501934 0.452390 -0.109072 0.478346 0.475471 -0.274349 0.567407 0.513502 -0.095910 0.456319 0.462703 -0.344195 0.482095 0.447699 -0.304619 0.439878 0.448940 -0.304618 0.472581 0.448114 -0.304575 0.489344 0.447618 -0.304721 0.430549 0.449220 -0.304652
0.423420 0.449204 -0.306402 0.413376 0.455762 -0.110535 0.439472 0.476159 -0.275579 0.501727 0.452684 -0.108713 0.478331 0.475426 -0.275387 0.567384 0.513833 -0.096695 0.456344 0.462801 -0.345521 0.482044 0.447776 -0.305750 0.439990 0.448911 -0.306318 0.472574 0.448205 -0.305699 0.489318 0.447767 -0.305865 0.430605 0.449092 -0.306354
0.423425 0.450572 -0.311267 0.413483 0.456704 -0.116337 0.439399 0.477770 -0.278795 0.501561 0.453617 -0.113709 0.478287 0.476873 -0.278251 0.567354 0.514225 -0.098538 0.456347 0.464650 -0.348912 0.481975 0.449390 -0.310377 0.440002 0.450571 -0.311192 0.472518 0.449931 -0.310330 0.489268 0.449260 -0.310499 0.430607 0.450617 -0.311226
0.423255 0.451544 -0.324059 0.413555 0.457597 -0.121241 0.438634 0.479051 -0.290044 0.501189 0.454438 -0.122490 0.477763 0.478381 -0.290557 0.567356 0.514876 -0.107683 0.455462 0.465805 -0.362755 0.481294 0.450529 -0.323772 0.439335 0.451600 -0.324009 0.471549 0.451045 -0.323733 0.488634 0.450328 -0.323896 0.430272 0.451553 -0.324032
0.423251 0.450825 -0.325841 0.413788 0.457077 -0.123324 0.438561 0.478095 -0.292313 0.501009 0.453978 -0.124347 0.477754 0.477539 -0.292870 0.567618 0.515141 -0.111655 0.455459 0.464877 -0.365034 0.481159 0.449723 -0.325548 0.439340 0.450874 -0.325772 0.471450 0.450226 -0.325496 0.488527 0.449529 -0.325676 0.430245 0.450826 -0.325804
0.423217 0.450166 -0.301649 0.413790 0.456503 -0.104107 0.438505 0.477328 -0.270405 0.500921 0.453452 -0.104036 0.477750 0.476828 -0.270706 0.567652 0.514688 -0.092156 0.455446 0.464136 -0.340918 0.480984 0.449039 -0.301348 0.439306 0.450204 -0.301536 0.471271 0.449519 -0.301289 0.488416 0.448838 -0.301458 0.430171 0.450143 -0.301587
0.423155 0.449754 -0.308604 0.413803 0.456083 -0.104828 0.438495 0.476831 -0.275525 0.500160 0.452970 -0.109349 0.477713 0.476367 -0.276969 0.567685 0.514329 -0.098416 0.455387 0.463637 -0.348709 0.480497 0.448565 -0.309037 0.439200 0.449759 -0.308567 0.470850 0.449026 -0.309001 0.487925 0.448381 -0.309153 0.430062 0.449706 -0.308581
0.423139 0.449486 -0.333421 0.413849 0.455760 -0.128064 0.438295 0.476551 -0.298889 0.499846 0.452751 -0.129940 0.477357 0.476081 -0.299742 0.567527 0.514033 -0.114338 0.455320 0.463550 -0.372769 0.480156 0.448411 -0.333213 0.439173 0.449561 -0.333360 0.470516 0.448890 -0.333169 0.487479 0.448199 -0.333343 0.430035 0.449452 -0.333389
0.423136 0.449433 -0.351689 0.413856 0.455661 -0.146545 0.438290 0.476216 -0.317821 0.499341 0.452625 -0.140756 0.477343 0.475654 -0.316532 0.567313 0.513833 -0.126029 0.455328 0.463505 -0.391424 0.480100 0.448308 -0.349839 0.439207 0.449504 -0.351656 0.470516 0.448783 -0.349791 0.487355 0.448038 -0.349958 0.430044 0.449390 -0.351686
0.423119 0.448927 -0.375899 0.413882 0.455366 -0.158247 0.438320 0.475112 -0.339899 0.499171 0.451795 -0.158365 0.477313 0.474219 -0.340488 0.567198 0.513721 -0.145926 0.455330 0.462488 -0.418331 0.479999 0.447299 -0.375334 0.439209 0.448674 -0.375892 0.470491 0.447689 -0.375292 0.487241 0.447020 -0.375459 0.430043 0.448737 -0.375916
0.422773 0.447871 -0.378709 0.413660 0.454266 -0.161256 0.438091 0.473760 -0.342588 0.499139 0.450276 -0.160727 0.477095 0.472485 -0.342905 0.566774 0.513082 -0.147553 0.455237 0.461561 -0.420858 0.479928 0.446039 -0.377991 0.438953 0.447420 -0.378727 0.470457 0.446406 -0.377953 0.487195 0.445820 -0.378105 0.429731 0.447620 -0.378742
0.421778 0.444402 -0.374831 0.412949 0.451454 -0.157793 0.437384 0.469741 -0.339785 0.499136 0.447425 -0.157754 0.476721 0.468720 -0.340552 0.566459 0.512074 -0.147176 0.454673 0.457202 -0.418254 0.479683 0.441750 -0.374451 0.437989 0.443208 -0.374857 0.470040 0.441959 -0.374419 0.486886 0.441807 -0.374550 0.428550 0.443781 -0.374875
0.420187 0.440354 -0.380624 0.411289 0.447306 -0.156754 0.436423 0.466430 -0.344311 0.499320 0.443664 -0.161006 0.476346 0.465784 -0.346598 0.566401 0.509239 -0.154225 0.453788 0.453534 -0.425431 0.479503 0.437677 -0.381317 0.436573 0.439289 -0.380690 0.469693 0.437944 -0.381300 0.486811 0.437641 -0.381404 0.427024 0.439909 -0.380701
0.418959 0.434894 -0.376087 0.410364 0.442608 -0.145697 0.435963 0.462916 -0.340209 0.499454 0.439546 -0.158924 0.475650 0.462032 -0.342274 0.566159 0.505883 -0.152457 0.452855 0.448787 -0.420441 0.479129 0.432666 -0.376483 0.435225 0.434057 -0.376120 0.468932 0.432952 -0.376461 0.486445 0.432731 -0.376575 0.425863 0.434422 -0.376135
0.418982 0.429984 -0.378988 0.410198 0.437407 -0.145883 0.436093 0.459713 -0.343201 0.499950 0.434767 -0.157698 0.475582 0.458357 -0.345922 0.565705 0.500507 -0.154595 0.452901 0.444535 -0.425880 0.479170 0.428405 -0.379943 0.435269 0.429522 -0.379081 0.469077 0.428679 -0.379945 0.486555 0.428446 -0.380011 0.425902 0.429710 -0.379087
0.418974 0.425601 -0.397016 0.410186 0.432136 -0.154275 0.436113 0.455233 -0.359304 0.500052 0.430056 -0.170433 0.475388 0.453980 -0.364123 0.565662 0.495741 -0.168231 0.452871 0.439723 -0.445881 0.479128 0.424487 -0.399496 0.435316 0.425414 -0.397139 0.469057 0.424761 -0.399511 0.486519 0.424451 -0.399576 0.425905 0.425460 -0.397134
0.419019 0.421015 -0.402826 0.409997 0.427150 -0.160187 0.436563 0.450640 -0.365645 0.500450 0.424880 -0.172243 0.475391 0.449401 -0.369281 0.565386 0.491408 -0.170094 0.453084 0.434727 -0.452069 0.479249 0.420146 -0.404627 0.435911 0.420968 -0.402951 0.469391 0.420333 -0.404644 0.486792 0.420001 -0.404700 0.426161 0.420866 -0.402945
0.419036 0.416684 -0.409175 0.409807 0.422288 -0.162686 0.436568 0.446262 -0.371627 0.500462 0.420300 -0.177552 0.475176 0.445280 -0.376422 0.565371 0.487419 -0.176874 0.453093 0.430506 -0.459760 0.479246 0.416072 -0.411881 0.436035 0.416798 -0.409317 0.469418 0.416236 -0.411901 0.486782 0.415901 -0.411958 0.426185 0.416608 -0.409301
0.419220 0.411555 -0.416641 0.409831 0.416647 -0.166584 0.436716 0.440444 -0.378827 0.500504 0.414964 -0.184072 0.475133 0.439828 -0.384413 0.565215 0.482615 -0.182896 0.453240 0.425457 -0.468118 0.479266 0.411355 -0.420042 0.436698 0.411882 -0.416808 0.469588 0.411489 -0.420077 0.486814 0.411158 -0.420108 0.426593 0.411544 -0.416781
0.419374 0.405870 -0.420254 0.409891 0.410858 -0.165357 0.436937 0.434315 -0.382190 0.500554 0.409136 -0.182284 0.475129 0.433735 -0.387873 0.565161 0.477985 -0.180691 0.453333 0.419564 -0.473871 0.479300 0.405522 -0.423818 0.437270 0.406073 -0.420432 0.469806 0.405679 -0.423857 0.486859 0.405328 -0.423866 0.426928 0.405813 -0.420407
0.419437 0.400088 -0.420601 0.409934 0.405318 -0.164418 0.437168 0.428075 -0.382404 0.500531 0.402963 -0.183049 0.475124 0.427558 -0.389365 0.565149 0.472775 -0.180295 0.453343 0.413437 -0.475064 0.479283 0.399102 -0.424993 0.437412 0.400034 -0.420778 0.469810 0.399352 -0.425035 0.486831 0.398923 -0.425035 0.427029 0.399903 -0.420751
0.419561 0.394087 -0.418790 0.410010 0.399514 -0.157411 0.437494 0.421783 -0.381397 0.500443 0.397053 -0.181202 0.475120 0.421528 -0.389006 0.564419 0.467881 -0.178940 0.453357 0.407144 -0.475590 0.479264 0.392784 -0.423641 0.437666 0.393838 -0.418964 0.469815 0.393042 -0.423683 0.486794 0.392670 -0.423670 0.427216 0.393843 -0.418946
0.419567 0.387719 -0.422985 0.410011 0.393376 -0.153175 0.437498 0.415165 -0.386281 0.499906 0.390935 -0.179868 0.474784 0.415178 -0.394730 0.563687 0.462552 -0.183116 0.453074 0.400665 -0.483355 0.478852 0.386395 -0.428459 0.437631 0.387456 -0.423181 0.469367 0.386707 -0.428510 0.486130 0.386373 -0.428479 0.427224 0.387463 -0.423169
0.419591 0.382090 -0.426807 0.409972 0.388038 -0.151723 0.437826 0.410093 -0.390215 0.499906 0.385565 -0.179398 0.474787 0.409885 -0.398177 0.563452 0.457258 -0.184898 0.453194 0.395450 -0.488468 0.478853 0.380870 -0.432090 0.437886 0.381705 -0.427010 0.469428 0.381074 -0.432141 0.486134 0.380894 -0.432101 0.427333 0.381786 -0.427000
0.419601 0.375746 -0.425094 0.409954 0.381799 -0.151741 0.437850 0.403810 -0.388125 0.499907 0.379333 -0.179335 0.474757 0.403538 -0.396183 0.563407 0.452181 -0.186563 0.453176 0.389127 -0.484553 0.478847 0.374261 -0.430344 0.437915 0.375245 -0.425297 0.469434 0.374501 -0.430386 0.486132 0.374390 -0.430374 0.427345 0.375435 -0.425275
0.419538 0.369012 -0.425047 0.409771 0.375187 -0.148451 0.437677 0.396680 -0.388283 0.499759 0.373082 -0.176532 0.474504 0.396757 -0.396199 0.562673 0.446806 -0.185507 0.452948 0.382180 -0.485889 0.478741 0.367654 -0.430236 0.437888 0.368483 -0.425259 0.469363 0.367821 -0.430283 0.485986 0.367901 -0.430258 0.427314 0.368703 -0.425239
0.419544 0.362534 -0.426007 0.409770 0.368863 -0.149418 0.437645 0.390143 -0.389358 0.499373 0.366943 -0.178485 0.474276 0.390334 -0.397630 0.561348 0.440949 -0.187800 0.452849 0.375428 -0.486053 0.478629 0.361291 -0.431503 0.437912 0.361896 -0.426225 0.469308 0.361407 -0.431550 0.485795 0.361577 -0.431537 0.427323 0.362171 -0.426193
0.419518 0.356494 -0.431508 0.409712 0.362785 -0.153332 0.437643 0.384151 -0.395223 0.499168 0.360636 -0.180377 0.474215 0.384194 -0.403026 0.560775 0.434741 -0.191044 0.452834 0.369280 -0.492206 0.478596 0.355104 -0.436687 0.437918 0.355819 -0.431750 0.469302 0.355235 -0.436741 0.485747 0.355346 -0.436693 0.427323 0.356104 -0.431715
0.419483 0.349828 -0.429639 0.409623 0.356671 -0.153182 0.437644 0.377148 -0.393330 0.498738 0.354217 -0.180105 0.474138 0.377174 -0.400966 0.560134 0.428587 -0.190002 0.452798 0.362119 -0.489505 0.478485 0.348128 -0.434649 0.437922 0.348839 -0.429869 0.469224 0.348237 -0.434700 0.485587 0.348490 -0.434665 0.427318 0.349273 -0.429835
0.419281 0.343389 -0.431723 0.409410 0.350233 -0.153936 0.437504 0.371058 -0.394586 0.498154 0.347882 -0.181458 0.473653 0.371117 -0.402622 0.559509 0.421932 -0.190553 0.452448 0.356023 -0.491576 0.478219 0.341689 -0.437041 0.437683 0.342421 -0.431948 0.468882 0.341814 -0.437089 0.485168 0.342034 -0.437063 0.427136 0.342861 -0.431911
0.418979 0.336956 -0.430955 0.409265 0.343816 -0.153178 0.437239 0.364806 -0.393511 0.497890 0.341367 -0.181403 0.473212 0.364899 -0.401450 0.559487 0.415041 -0.191549 0.451803 0.349485 -0.490258 0.477959 0.334992 -0.436484 0.437214 0.335918 -0.431175 0.468420 0.335150 -0.436535 0.484799 0.335307 -0.436513 0.426803 0.336388 -0.431137
0.418814 0.330982 -0.434678 0.409128 0.337336 -0.154265 0.437233 0.358967 -0.396114 0.497864 0.334959 -0.181199 0.473196 0.359009 -0.403554 0.559321 0.409067 -0.194828 0.451689 0.343389 -0.494344 0.477927 0.328875 -0.439786 0.437137 0.330078 -0.434918 0.468366 0.329021 -0.439834 0.484758 0.329218 -0.439806 0.426694 0.330483 -0.434875
0.418335 0.325057 -0.434839 0.409014 0.331155 -0.156685 0.436940 0.352911 -0.395516 0.497815 0.328764 -0.182750 0.472914 0.353070 -0.402969 0.558989 0.403864 -0.195234 0.451095 0.337305 -0.493321 0.477813 0.322752 -0.439951 0.436489 0.324317 -0.435072 0.468056 0.322943 -0.439998 0.484616 0.323114 -0.439980 0.426212 0.324658 -0.435028
0.417868 0.319987 -0.434204 0.408962 0.325902 -0.156310 0.436789 0.347716 -0.395014 0.497659 0.323880 -0.182608 0.472657 0.347967 -0.402445 0.558587 0.398985 -0.194701 0.450640 0.332290 -0.492515 0.477671 0.318399 -0.439335 0.435853 0.319436 -0.434435 0.467672 0.318490 -0.439379 0.484482 0.318723 -0.439367 0.425747 0.319674 -0.434390
0.417085 0.314515 -0.428385 0.408807 0.320375 -0.145415 0.436059 0.341778 -0.386343 0.497492 0.317979 -0.178895 0.471897 0.341857 -0.396246 0.558439 0.393526 -0.194550 0.449573 0.326431 -0.486787 0.477276 0.312429 -0.435256 0.434704 0.313851 -0.428652 0.466851 0.312591 -0.435297 0.484199 0.312724 -0.435303 0.424860 0.314148 -0.428585
0.416365 0.309381 -0.418201 0.408667 0.315184 -0.138810 0.435725 0.336817 -0.374810 0.497366 0.312521 -0.172666 0.471471 0.336797 -0.384970 0.558058 0.388028 -0.188439 0.448955 0.321476 -0.474912 0.476948 0.307475 -0.425344 0.433749 0.308801 -0.418477 0.466206 0.307655 -0.425388 0.484042 0.307642 -0.425374 0.424032 0.309067 -0.418402
0.415337 0.304500 -0.416704 0.408209 0.310329 -0.138175 0.435011 0.331913 -0.373908 0.496790 0.307713 -0.172023 0.470773 0.331923 -0.384096 0.557203 0.383646 -0.187489 0.448093 0.316437 -0.473604 0.476191 0.303010 -0.424007 0.432271 0.304029 -0.416991 0.465044 0.303079 -0.424047 0.483624 0.303137 -0.424033 0.422687 0.304276 -0.416910
0.414619 0.298849 -0.418494 0.407646 0.305070 -0.139199 0.434375 0.326201 -0.375075 0.496193 0.302615 -0.178469 0.470245 0.326355 -0.386956 0.556829 0.379991 -0.195019 0.447579 0.310984 -0.475358 0.475709 0.297234 -0.426886 0.431524 0.298263 -0.418803 0.464407 0.297349 -0.426918 0.483276 0.297428 -0.426908 0.421943 0.298494 -0.418705
0.414014 0.293612 -0.419757 0.406994 0.300037 -0.140117 0.433747 0.320784 -0.376177 0.495288 0.297716 -0.179588 0.469476 0.321140 -0.389027 0.556746 0.376163 -0.195906 0.446890 0.305842 -0.477417 0.474847 0.291951 -0.428694 0.430856 0.292854 -0.420077 0.463434 0.292039 -0.428716 0.482680 0.292195 -0.428720 0.421298 0.293135 -0.419974
0.414007 0.289205 -0.420521 0.406913 0.295787 -0.142770 0.433765 0.316757 -0.377112 0.495161 0.293749 -0.181040 0.469474 0.316990 -0.389757 0.556392 0.371671 -0.195596 0.446914 0.301614 -0.477820 0.474848 0.287694 -0.429344 0.430873 0.288290 -0.420817 0.463443 0.287690 -0.429358 0.482676 0.288025 -0.429373 0.421321 0.288658 -0.420719
0.413746 0.284916 -0.421184 0.406712 0.291133 -0.142947 0.433472 0.312509 -0.377304 0.494952 0.289810 -0.186003 0.469309 0.312900 -0.390950 0.556383 0.367471 -0.196055 0.446850 0.297771 -0.478234 0.474728 0.284194 -0.430859 0.430762 0.284305 -0.421484 0.463357 0.284097 -0.430863 0.482598 0.284485 -0.430899 0.421133 0.284521 -0.421381
0.413351 0.281149 -0.422330 0.406370 0.287167 -0.144626 0.432774 0.308633 -0.378053 0.494265 0.285786 -0.189169 0.468817 0.309042 -0.392322 0.556073 0.363991 -0.196544 0.446554 0.293809 -0.478977 0.474343 0.280669 -0.432338 0.430513 0.280647 -0.422631 0.462996 0.280479 -0.432344 0.482312 0.280944 -0.432372 0.420777 0.280842 -0.422524
0.412846 0.277050 -0.418153 0.406097 0.283093 -0.143376 0.432371 0.304818 -0.374119 0.493580 0.281590 -0.188895 0.468474 0.305144 -0.388016 0.556083 0.360368 -0.191411 0.446070 0.289550 -0.473587 0.473550 0.276315 -0.428134 0.430036 0.276407 -0.418447 0.462200 0.276106 -0.428124 0.481816 0.276609 -0.428164 0.420216 0.276704 -0.418349
0.412813 0.273669 -0.428646 0.406022 0.279811 -0.163032 0.432365 0.301706 -0.384686 0.493344 0.277554 -0.197928 0.468464 0.301714 -0.395540 0.556079 0.357792 -0.195598 0.446074 0.285763 -0.480929 0.473507 0.272175 -0.436555 0.430051 0.272868 -0.428867 0.462176 0.272046 -0.436555 0.481761 0.272442 -0.436545 0.420224 0.273318 -0.428805
0.412763 0.270227 -0.434823 0.405947 0.276332 -0.167700 0.432212 0.297797 -0.392133 0.493106 0.274204 -0.201673 0.468342 0.297885 -0.402384 0.555777 0.354893 -0.204576 0.445996 0.281927 -0.488073 0.473407 0.268755 -0.442450 0.430046 0.269453 -0.435040 0.462089 0.268604 -0.442455 0.481666 0.269031 -0.442422 0.420221 0.269870 -0.434978
0.412808 0.267233 -0.436164 0.405967 0.273232 -0.171002 0.432240 0.294926 -0.393890 0.493057 0.271320 -0.200640 0.468392 0.295057 -0.402927 0.555594 0.351887 -0.204121 0.446053 0.279098 -0.489142 0.473450 0.266213 -0.442922 0.430187 0.266546 -0.436388 0.462156 0.265988 -0.442932 0.481667 0.266493 -0.442889 0.420397 0.266891 -0.436323
0.413522 0.264195 -0.440074 0.406529 0.269777 -0.177556 0.432985 0.292623 -0.397662 0.493095 0.268907 -0.203184 0.468609 0.293057 -0.405460 0.555602 0.348981 -0.205996 0.446793 0.277311 -0.491954 0.473973 0.264163 -0.445917 0.431221 0.264024 -0.440306 0.463019 0.263965 -0.445938 0.481895 0.264309 -0.445869 0.421606 0.264094 -0.440239
0.414249 0.262039 -0.451454 0.406836 0.267511 -0.185879 0.433606 0.290532 -0.407880 0.493131 0.266950 -0.211379 0.468874 0.291277 -0.415409 0.555719 0.346606 -0.216231 0.447612 0.275586 -0.503293 0.474367 0.262281 -0.457026 0.432201 0.262046 -0.451719 0.463724 0.262141 -0.457053 0.482066 0.262369 -0.456981 0.422760 0.262016 -0.451632
0.414925 0.259805 -0.449038 0.407086 0.265451 -0.183974 0.434141 0.287840 -0.405598 0.493172 0.264835 -0.209117 0.469145 0.288879 -0.410394 0.555719 0.344146 -0.215380 0.448305 0.273176 -0.495672 0.474750 0.260056 -0.452588 0.433093 0.259760 -0.449301 0.464365 0.259903 -0.452651 0.482301 0.260137 -0.452492 0.423754 0.259751 -0.449210
0.415175 0.257693 -0.447036 0.407401 0.263332 -0.188591 0.434331 0.285321 -0.403825 0.493315 0.262736 -0.210854 0.469323 0.286172 -0.409503 0.555743 0.341499 -0.213549 0.448467 0.270620 -0.495350 0.474846 0.257682 -0.451261 0.433434 0.257510 -0.447298 0.464520 0.257537 -0.451317 0.482355 0.257768 -0.451182 0.424137 0.257539 -0.447210
0.415223 0.254605 -0.445900 0.407426 0.260997 -0.187062 0.434422 0.282672 -0.402877 0.493700 0.260453 -0.209484 0.469583 0.283402 -0.409239 0.555734 0.339649 -0.212414 0.448875 0.267859 -0.494723 0.475290 0.255011 -0.450799 0.433740 0.254535 -0.446161 0.465139 0.254824 -0.450846 0.482767 0.255128 -0.450739 0.424302 0.254515 -0.446077
0.415229 0.253324 -0.455649 0.407400 0.260595 -0.193036 0.434392 0.281210 -0.412724 0.493674 0.259477 -0.214910 0.469586 0.281912 -0.419101 0.555724 0.338420 -0.226634 0.448915 0.266447 -0.506317 0.475293 0.253359 -0.460643 0.433766 0.252930 -0.455931 0.465150 0.253137 -0.460695 0.482758 0.253550 -0.460571 0.424328 0.252998 -0.455837
0.415278 0.252284 -0.466581 0.407423 0.259931 -0.201693 0.434390 0.280018 -0.422926 0.493675 0.258474 -0.225176 0.469646 0.280647 -0.429884 0.555901 0.337257 -0.241100 0.448961 0.265159 -0.517509 0.475292 0.252173 -0.471918 0.433847 0.251758 -0.466887 0.465156 0.251973 -0.471974 0.482743 0.252440 -0.471848 0.424418 0.251843 -0.466779
0.415320 0.251037 -0.453289 0.407455 0.258952 -0.193550 0.434319 0.279056 -0.410614 0.493684 0.257464 -0.222431 0.469666 0.279598 -0.419171 0.556313 0.335955 -0.240113 0.448977 0.264050 -0.503323 0.475295 0.250951 -0.460120 0.433960 0.250464 -0.453587 0.465164 0.250738 -0.460189 0.482735 0.251288 -0.460027 0.424533 0.250541 -0.453481
0.415747 0.249381 -0.434304 0.407613 0.257316 -0.181547 0.434441 0.277721 -0.393376 0.493783 0.256126 -0.207335 0.469889 0.278262 -0.400993 0.556824 0.334627 -0.222744 0.449361 0.262483 -0.483673 0.475419 0.249400 -0.440317 0.434537 0.248848 -0.434581 0.465459 0.249147 -0.440390 0.482769 0.249794 -0.440224 0.425109 0.248890 -0.434484
0.416163 0.248157 -0.433118 0.407696 0.255981 -0.180479 0.434643 0.276207 -0.392087 0.493833 0.254890 -0.204995 0.470160 0.276717 -0.399391 0.557492 0.333636 -0.219890 0.449691 0.261288 -0.482554 0.475528 0.248058 -0.438848 0.435061 0.247573 -0.433397 0.465689 0.247816 -0.438913 0.482818 0.248505 -0.438757 0.425617 0.247617 -0.433299
0.416449 0.247002 -0.441047 0.407740 0.254479 -0.186037 0.434771 0.274970 -0.398534 0.493828 0.253576 -0.212910 0.470262 0.275595 -0.406571 0.557850 0.332831 -0.224054 0.449858 0.260308 -0.489841 0.475540 0.246991 -0.447466 0.435284 0.246427 -0.441364 0.465720 0.246698 -0.447529 0.482811 0.247473 -0.447377 0.425906 0.246462 -0.441248
0.416810 0.246142 -0.440811 0.407858 0.253573 -0.185738 0.435041 0.274031 -0.398251 0.493828 0.252530 -0.212453 0.470466 0.274524 -0.406298 0.558090 0.332112 -0.223218 0.450189 0.259391 -0.489512 0.475614 0.246045 -0.447272 0.435682 0.245562 -0.441125 0.465895 0.245783 -0.447334 0.482826 0.246518 -0.447184 0.426288 0.245597 -0.441008
0.416936 0.245028 -0.436481 0.407977 0.252541 -0.184428 0.435168 0.272977 -0.394130 0.493820 0.251400 -0.212117 0.470575 0.273392 -0.403039 0.558547 0.331150 -0.222501 0.450303 0.258275 -0.484450 0.475645 0.244886 -0.443602 0.435782 0.244507 -0.436788 0.465962 0.244681 -0.443655 0.482828 0.245310 -0.443515 0.426413 0.244522 -0.436670
0.417260 0.243920 -0.426691 0.408145 0.251498 -0.178224 0.435432 0.271895 -0.384861 0.493826 0.250541 -0.205748 0.470704 0.272418 -0.393367 0.558676 0.330025 -0.209729 0.450510 0.257229 -0.474100 0.475703 0.243983 -0.433515 0.436006 0.243508 -0.426975 0.466094 0.243766 -0.433564 0.482838 0.244404 -0.433432 0.426694 0.243482 -0.426868
0.417282 0.242663 -0.432051 0.408165 0.250463 -0.179561 0.435436 0.270796 -0.389088 0.493829 0.249783 -0.209292 0.470715 0.271516 -0.398396 0.558752 0.329325 -0.213842 0.450522 0.256023 -0.479931 0.475710 0.242776 -0.439515 0.436019 0.242239 -0.432336 0.466103 0.242516 -0.439565 0.482838 0.243239 -0.439422 0.426724 0.242226 -0.432230
0.417787 0.241325 -0.430917 0.408478 0.248770 -0.179410 0.435924 0.269819 -0.388130 0.494244 0.249008 -0.205992 0.470848 0.270817 -0.396132 0.558755 0.329113 -0.211299 0.451073 0.254991 -0.478353 0.476033 0.241704 -0.437454 0.436600 0.241089 -0.431199 0.466736 0.241385 -0.437501 0.483059 0.242256 -0.437376 0.427215 0.241002 -0.431086
0.418520 0.240590 -0.432769 0.408858 0.248073 -0.180852 0.436519 0.269376 -0.389488 0.494492 0.248686 -0.206188 0.470949 0.270436 -0.396885 0.558758 0.328794 -0.211488 0.451760 0.254531 -0.479746 0.476324 0.241230 -0.438818 0.437353 0.240488 -0.433043 0.467323 0.240868 -0.438860 0.483267 0.241842 -0.438748 0.427859 0.240339 -0.432926
0.418800 0.239863 -0.436553 0.408986 0.247353 -0.182241 0.436649 0.268637 -0.392366 0.494590 0.248223 -0.210407 0.470969 0.269781 -0.400698 0.558762 0.328678 -0.218810 0.451995 0.253921 -0.483707 0.476434 0.240693 -0.443247 0.437673 0.239834 -0.436826 0.467504 0.240302 -0.443278 0.483338 0.241327 -0.443189 0.428140 0.239643 -0.436704
0.418953 0.239033 -0.443224 0.409061 0.246663 -0.186018 0.436729 0.267756 -0.398412 0.494741 0.247545 -0.218475 0.471062 0.268918 -0.408027 0.558846 0.328464 -0.231682 0.452174 0.252921 -0.490860 0.476540 0.239919 -0.450755 0.437841 0.238975 -0.443513 0.467673 0.239469 -0.450786 0.483430 0.240551 -0.450699 0.428299 0.238794 -0.443383
0.419204 0.238733 -0.441731 0.409361 0.246564 -0.184787 0.436888 0.267443 -0.396395 0.494929 0.247299 -0.217835 0.471198 0.268461 -0.406458 0.559175 0.328240 -0.230582 0.452329 0.252462 -0.488927 0.476626 0.239597 -0.449591 0.438063 0.238590 -0.442006 0.467789 0.239117 -0.449621 0.483529 0.240272 -0.449532 0.428517 0.238432 -0.441883
0.419627 0.238440 -0.431358 0.409716 0.246351 -0.181519 0.437126 0.266998 -0.387985 0.495067 0.247098 -0.213287 0.471445 0.267924 -0.397330 0.559326 0.327951 -0.223275 0.452563 0.251977 -0.477357 0.476753 0.239314 -0.438636 0.438439 0.238232 -0.431619 0.467999 0.238801 -0.438683 0.483641 0.240026 -0.438545 0.428869 0.238088 -0.431507
0.420106 0.238055 -0.424083 0.410060 0.246091 -0.177297 0.437443 0.266540 -0.382062 0.495220 0.246769 -0.206286 0.471749 0.267356 -0.390551 0.559511 0.327633 -0.217780 0.452874 0.251464 -0.470105 0.476880 0.238885 -0.430624 0.438875 0.237822 -0.424321 0.468224 0.238364 -0.430670 0.483749 0.239607 -0.430525 0.429257 0.237687 -0.424224
0.420636 0.237746 -0.420814 0.410339 0.245865 -0.174905 0.437864 0.266230 -0.379098 0.495389 0.246498 -0.201261 0.472135 0.267009 -0.386857 0.559609 0.327435 -0.212146 0.453357 0.251067 -0.466832 0.477082 0.238504 -0.426870 0.439437 0.237485 -0.421045 0.468615 0.237981 -0.426913 0.483950 0.239233 -0.426771 0.429727 0.237365 -0.420952
0.420967 0.237518 -0.418147 0.410534 0.245699 -0.173641 0.438167 0.265992 -0.376384 0.495459 0.246215 -0.198882 0.472365 0.266741 -0.383786 0.559651 0.327307 -0.207093 0.453686 0.250766 -0.463624 0.477228 0.238201 -0.424013 0.439800 0.237232 -0.418376 0.468866 0.237688 -0.424053 0.484092 0.238927 -0.423915 0.430037 0.237120 -0.418285
0.421150 0.237255 -0.419376 0.410596 0.245532 -0.173962 0.438205 0.265709 -0.377476 0.495467 0.246020 -0.199330 0.472419 0.266477 -0.385061 0.559692 0.327006 -0.207283 0.453781 0.250482 -0.465359 0.477296 0.237948 -0.425419 0.439968 0.236970 -0.419612 0.468966 0.237430 -0.425460 0.484140 0.238688 -0.425326 0.430204 0.236854 -0.419518
0.421298 0.236980 -0.418744 0.410627 0.245336 -0.173491 0.438214 0.265382 -0.376388 0.495476 0.245829 -0.197980 0.472433 0.266141 -0.383591 0.559709 0.326703 -0.201951 0.453846 0.250170 -0.464230 0.477332 0.237759 -0.424473 0.440095 0.236720 -0.418980 0.469023 0.237228 -0.424510 0.484148 0.238501 -0.424389 0.430332 0.236589 -0.418887
0.421627 0.236700 -0.419393 0.410700 0.245140 -0.173674 0.438253 0.265158 -0.376707 0.495490 0.245619 -0.198684 0.472455 0.265868 -0.384055 0.559710 0.326518 -0.202677 0.454057 0.249918 -0.464727 0.477442 0.237566 -0.425223 0.440420 0.236487 -0.419631 0.469216 0.237026 -0.425256 0.484206 0.238293 -0.425149 0.430620 0.236335 -0.419541
0.421760 0.236454 -0.419206 0.410757 0.244927 -0.172716 0.438263 0.264978 -0.376557 0.495503 0.245386 -0.198972 0.472467 0.265660 -0.384382 0.559695 0.326418 -0.203353 0.454127 0.249726 -0.464848 0.477525 0.237392 -0.425410 0.440552 0.236272 -0.419445 0.469334 0.236845 -0.425441 0.484251 0.238102 -0.425339 0.430746 0.236103 -0.419356
0.421801 0.236335 -0.421282 0.410767 0.244838 -0.173609 0.438266 0.264955 -0.378288 0.495513 0.245303 -0.201203 0.472483 0.265648 -0.386474 0.559609 0.326289 -0.209079 0.454168 0.249704 -0.467155 0.477588 0.237346 -0.427751 0.440621 0.236171 -0.421526 0.469402 0.236787 -0.427774 0.484283 0.238059 -0.427693 0.430805 0.235990 -0.421436
0.421805 0.236235 -0.421431 0.410783 0.244770 -0.173704 0.438230 0.264878 -0.378479 0.495511 0.245208 -0.201294 0.472492 0.265574 -0.386639 0.559528 0.326226 -0.209317 0.454180 0.249626 -0.467302 0.477601 0.237267 -0.427862 0.440631 0.236070 -0.421672 0.469418 0.236704 -0.427886 0.484298 0.237977 -0.427801 0.430816 0.235888 -0.421584
0.421795 0.236162 -0.415757 0.410795 0.244729 -0.170366 0.438154 0.264828 -0.373422 0.495506 0.245170 -0.199170 0.472486 0.265538 -0.381962 0.559466 0.326115 -0.207202 0.454183 0.249589 -0.461220 0.477615 0.237239 -0.422467 0.440632 0.236009 -0.415978 0.469433 0.236667 -0.422488 0.484311 0.237953 -0.422396 0.430820 0.235822 -0.415900
0.421800 0.236115 -0.394346 0.410803 0.244695 -0.155936 0.438150 0.264759 -0.352839 0.495507 0.245130 -0.182575 0.472498 0.265477 -0.360681 0.559464 0.325892 -0.187956 0.454196 0.249529 -0.438236 0.477641 0.237198 -0.400562 0.440637 0.235955 -0.394531 0.469454 0.236619 -0.400591 0.484320 0.237921 -0.400479 0.430826 0.235773 -0.394471
0.421767 0.236082 -0.379348 0.410813 0.244634 -0.142875 0.437988 0.264715 -0.338462 0.495509 0.245128 -0.170034 0.472466 0.265458 -0.346440 0.559416 0.325813 -0.174386 0.454131 0.249514 -0.423131 0.477661 0.237195 -0.385706 0.440603 0.235936 -0.379531 0.469455 0.236612 -0.385737 0.484328 0.237922 -0.385619 0.430807 0.235751 -0.379471
0.421682 0.236066 -0.386117 0.410822 0.244592 -0.146668 0.437820 0.264679 -0.345143 0.495480 0.245107 -0.170755 0.472392 0.265436 -0.352630 0.559413 0.325651 -0.175712 0.453982 0.249495 -0.430819 0.477666 0.237171 -0.392033 0.440485 0.235921 -0.386310 0.469375 0.236592 -0.392073 0.484302 0.237900 -0.391943 0.430738 0.235739 -0.386246
0.421611 0.236044 -0.396702 0.410830 0.244559 -0.152201 0.437665 0.264614 -0.353742 0.495386 0.245053 -0.183992 0.472316 0.265384 -0.363383 0.559442 0.325369 -0.192092 0.453832 0.249444 -0.441912 0.477644 0.237137 -0.404050 0.440358 0.235896 -0.396930 0.469239 0.236563 -0.404072 0.484242 0.237865 -0.403986 0.430674 0.235717 -0.396845
0.421539 0.236035 -0.398424 0.410840 0.244549 -0.153045 0.437574 0.264570 -0.354568 0.495315 0.244998 -0.188432 0.472280 0.265340 -0.365832 0.559470 0.325190 -0.200433 0.453766 0.249404 -0.444023 0.477630 0.237113 -0.406840 0.440267 0.235882 -0.398662 0.469154 0.236542 -0.406846 0.484195 0.237838 -0.406792 0.430616 0.235708 -0.398569
0.421532 0.236034 -0.395938 0.410851 0.244548 -0.151551 0.437568 0.264533 -0.352842 0.495275 0.244982 -0.186527 0.472281 0.265321 -0.363462 0.559485 0.325140 -0.197905 0.453765 0.249383 -0.441268 0.477636 0.237114 -0.404010 0.440243 0.235881 -0.396158 0.469144 0.236543 -0.404018 0.484193 0.237839 -0.403958 0.430605 0.235708 -0.396074
0.421527 0.236036 -0.392631 0.410882 0.244549 -0.147974 0.437565 0.264497 -0.349691 0.495255 0.244983 -0.184074 0.472283 0.265312 -0.360376 0.559478 0.325126 -0.195381 0.453766 0.249380 -0.437975 0.477641 0.237126 -0.400881 0.440230 0.235883 -0.392845 0.469141 0.236553 -0.400887 0.484194 0.237855 -0.400828 0.430598 0.235710 -0.392761
0.421522 0.236034 -0.393550 0.410921 0.244547 -0.149395 0.437563 0.264470 -0.350786 0.495240 0.244978 -0.185595 0.472286 0.265304 -0.360959 0.559487 0.325082 -0.198929 0.453765 0.249373 -0.438144 0.477646 0.237128 -0.401273 0.440214 0.235881 -0.393763 0.469138 0.236555 -0.401264 0.484195 0.237857 -0.401233 0.430590 0.235710 -0.393684
0.421542 0.236038 -0.400319 0.410939 0.244564 -0.152626 0.437589 0.264408 -0.356935 0.495185 0.244979 -0.188643 0.472334 0.265257 -0.367089 0.559458 0.325080 -0.205518 0.453822 0.249355 -0.446000 0.477661 0.237135 -0.408084 0.440226 0.235882 -0.400541 0.469147 0.236559 -0.408066 0.484203 0.237870 -0.408052 0.430608 0.235712 -0.400454
0.421562 0.236002 -0.403085 0.411017 0.244530 -0.153552 0.437645 0.264177 -0.359500 0.495177 0.244930 -0.190103 0.472418 0.265091 -0.369865 0.559466 0.325075 -0.208177 0.453859 0.249213 -0.449316 0.477676 0.237115 -0.411033 0.440230 0.235846 -0.403309 0.469153 0.236537 -0.411013 0.484221 0.237853 -0.411003 0.430619 0.235675 -0.403223
